ID ДАТАСЕТА:
amanverma1999/a-comprehensive-dataset-for-ddos-attack

ЗАГОЛОВОК ДАТАСЕТА:
A comprehensive dataset for DDOS attack

ОПИСАНИЕ ДАТАСЕТА:


КЛЮЧЕВЫЕ СЛОВА ДАТАСЕТА:
['categorical', 'computer science', 'intermediate', 'classification', 'logistic regression']

СОДЕРЖИМОЕ ФАЙЛОВ ДАТАСЕТА:
Имя файла: Data\amanverma1999\a-comprehensive-dataset-for-ddos-attack\a-comprehensive-dataset-for-ddos-attack\train_dataset.csv
Первые 1024 байт файла: b'0,udp,private,SF,105,146,0,0,0,0,0,0,0,0,0,0,0,0,0,0,0,0,1,1,0.00,0.00,0.00,0.00,1.00,0.00,0.00,255,254,1.00,0.01,0.00,0.00,0.00,0.00,0.00,0.00,normal.\n0,udp,private,SF,105,146,0,0,0,0,0,0,0,0,0,0,0,0,0,0,0,0,1,1,0.00,0.00,0.00,0.00,1.00,0.00,0.00,255,254,1.00,0.01,0.00,0.00,0.00,0.00,0.00,0.00,normal.\n0,udp,private,SF,105,146,0,0,0,0,0,0,0,0,0,0,0,0,0,0,0,0,1,1,0.00,0.00,0.00,0.00,1.00,0.00,0.00,255,254,1.00,0.01,0.00,0.00,0.00,0.00,0.00,0.00,normal.\n0,udp,private,SF,105,146,0,0,0,0,0,0,0,0,0,0,0,0,0,0,0,0,2,2,0.00,0.00,0.00,0.00,1.00,0.00,0.00,255,254,1.00,0.01,0.00,0.00,0.00,0.00,0.00,0.00,snmpgetattack.\n0,udp,private,SF,105,146,0,0,0,0,0,0,0,0,0,0,0,0,0,0,0,0,2,2,0.00,0.00,0.00,0.00,1.00,0.00,0.00,255,254,1.00,0.01,0.01,0.00,0.00,0.00,0.00,0.00,snmpgetattack.\n0,udp,private,SF,105,146,0,0,0,0,0,0,0,0,0,0,0,0,0,0,0,0,2,2,0.00,0.00,0.00,0.00,1.00,0.00,0.00,255,255,1.00,0.00,0.01,0.00,0.00,0.00,0.00,0.00,snmpgetattack.\n0,udp,domain_u,SF,29,0,0,0,0,0,0,0,0,0,0,0,0,0,0,0,0,0,2,1,0.00,0.00,0.00,0.00,0.50,1.00,0.'

Cоставь один абзац текста описывающий возможные варианты использования датасета. Не упоминай ID датасета, заголовок и подзаголовок. Не рассказывай как был собран датасет. Не говори о ключевых словах датасета. Не упоминай себя и автоматического ассистента Сайга. Сформулируй ответ в одном абзаце на русском языке.