ID ДАТАСЕТА:
amanverma1999/a-comprehensive-dataset-for-ddos-attack

ЗАГОЛОВОК ДАТАСЕТА:
A comprehensive dataset for DDOS attack

ОПИСАНИЕ ДАТАСЕТА:


КЛЮЧЕВЫЕ СЛОВА ДАТАСЕТА:
['categorical', 'computer science', 'intermediate', 'classification', 'logistic regression']

СОДЕРЖИМОЕ ФАЙЛОВ ДАТАСЕТА:
Имя файла: Data\amanverma1999\a-comprehensive-dataset-for-ddos-attack\a-comprehensive-dataset-for-ddos-attack\train_dataset.csv
Первые 1024 байт файла: b'0,udp,private,SF,105,146,0,0,0,0,0,0,0,0,0,0,0,0,0,0,0,0,1,1,0.00,0.00,0.00,0.00,1.00,0.00,0.00,255,254,1.00,0.01,0.00,0.00,0.00,0.00,0.00,0.00,normal.\n0,udp,private,SF,105,146,0,0,0,0,0,0,0,0,0,0,0,0,0,0,0,0,1,1,0.00,0.00,0.00,0.00,1.00,0.00,0.00,255,254,1.00,0.01,0.00,0.00,0.00,0.00,0.00,0.00,normal.\n0,udp,private,SF,105,146,0,0,0,0,0,0,0,0,0,0,0,0,0,0,0,0,1,1,0.00,0.00,0.00,0.00,1.00,0.00,0.00,255,254,1.00,0.01,0.00,0.00,0.00,0.00,0.00,0.00,normal.\n0,udp,private,SF,105,146,0,0,0,0,0,0,0,0,0,0,0,0,0,0,0,0,2,2,0.00,0.00,0.00,0.00,1.00,0.00,0.00,255,254,1.00,0.01,0.00,0.00,0.00,0.00,0.00,0.00,snmpgetattack.\n0,udp,private,SF,105,146,0,0,0,0,0,0,0,0,0,0,0,0,0,0,0,0,2,2,0.00,0.00,0.00,0.00,1.00,0.00,0.00,255,254,1.00,0.01,0.01,0.00,0.00,0.00,0.00,0.00,snmpgetattack.\n0,udp,private,SF,105,146,0,0,0,0,0,0,0,0,0,0,0,0,0,0,0,0,2,2,0.00,0.00,0.00,0.00,1.00,0.00,0.00,255,255,1.00,0.00,0.01,0.00,0.00,0.00,0.00,0.00,snmpgetattack.\n0,udp,domain_u,SF,29,0,0,0,0,0,0,0,0,0,0,0,0,0,0,0,0,0,2,1,0.00,0.00,0.00,0.00,0.50,1.00,0.'


Используй информацию из секций, обозначенных ЗАГЛАВНЫМИ буквами, чтобы составить один абзац текста описывающий как данные из датасета были собраны. Если в секциях выше нет информации о том, как данные были собраны, то просто сообщи об этом. Свой ответ составь на русском языке.